image_width: 640
image_height: 480
camera_name: 00b09d0100ac7cc8_right
camera_matrix:
  rows: 3
  cols: 3
  data: [835.425690718421, 0, 312.911763030151, 0, 834.226903845627, 233.366470915083, 0, 0, 1]
distortion_model: plumb_bob
distortion_coefficients:
  rows: 1
  cols: 5
  data: [-0.452669644267157, 0.286808493717294, 0.00155237764677938, -0.000438626605322634, 0]
rectification_matrix:
  rows: 3
  cols: 3
  data: [0.999972070309103, 0.00712625366090679, 0.00225280058761287, -0.00712570985876269, 0.999974580725254, -0.000249323806667989, -0.0022545200677458, 0.000233264039774186, 0.999997431360277]
projection_matrix:
  rows: 3
  cols: 4
  data: [811.686759202981, 0, 316.445793151855, -98.9218486446055, 0, 811.686759202981, 230.598052978516, 0, 0, 0, 1, 0]