image_width: 640
image_height: 480
camera_name: 00b09d0100ab8dc0
camera_matrix:
  rows: 3
  cols: 3
  data: [825.301732962099, 0, 305.733692057874, 0, 823.384930957401, 231.145251062638, 0, 0, 1]
distortion_model: plumb_bob
distortion_coefficients:
  rows: 1
  cols: 5
  data: [-0.217696549737339, 0.173527951088796, -0.00168032843878603, -0.000215552755178808, 0]
rectification_matrix:
  rows: 3
  cols: 3
  data: [0.999999357716086, -0.000810269232985758, -0.000792484186611397, 0.000811454571358791, 0.999998550940423, 0.00149654887404403, 0.000791270430746286, -0.00149719097775075, 0.999998566154113]
projection_matrix:
  rows: 3
  cols: 4
  data: [826.113624705782, 0, 305.927997589111, -48.5758184432471, 0, 826.113624705782, 233.301919937134, 0, 0, 0, 1, 0]