image_width: 1280
image_height: 960
camera_name: 00b09d0100bec852_wide_right
camera_matrix:
  rows: 3
  cols: 3
  data: [1031.70957499854, 0, 667.705570785266, 0, 1031.3319824913, 483.403596457904, 0, 0, 1]
  #data: [1031.91584975362, 0, 639.108044114906, 0, 1030.33960283151, 481.137426118944, 0, 0, 1]
distortion_model: plumb_bob
distortion_coefficients:
  rows: 1
  cols: 5
  data: [-0.347124387265357, 0.134029706599358, -0.000179623194215147, -0.000783815390102918, 0]
rectification_matrix:
  rows: 3
  cols: 3
  data: [0.996668168847571, -0.00670917583607748, -0.0812868265196217, 0.0067791078847218, 0.999976850843711, 0.000584356895232536, 0.0812810242450092, -0.00113346208330807, 0.996690579047172]
projection_matrix:
  rows: 3
  cols: 4
  #data: [973.851901539608, 0, 783.971229553223, -237.276867049355, 0, 973.851901539608, 494.042095184326, 0, 0, 0, 1, 0]
  data: [973.851901539608, 0, 783.971229553223, -215.0, 0, 973.851901539608, 494.042095184326, 0, 0, 0, 1, 0]
  