image_width: 640
image_height: 480
camera_name: 00b09d0100bec852_narrow_left
camera_matrix:
  rows: 3
  cols: 3
  data: [997.932284537648, 0, 484.406266200326, 
         0, 998.25943292339, 366.044877393507, 
         0, 0, 1]
distortion_model: plumb_bob
distortion_coefficients:
  rows: 1
  cols: 5
  data: [-0.319833291557277, 0.256262826345855, 0.0173951508463229, 0.0182782049414293, 0]
rectification_matrix:
  rows: 3
  cols: 3
  data: [0.999745234877368, -0.0156405721400952, -0.0162738392251587, 
         0.0155826892471831, 0.999871819463184, -0.00367755886537034, 
         0.0163292723604441, 0.00342303177213073, 0.999860809171789]
projection_matrix:
  rows: 3
  cols: 4
  data: [999.16443409856, 0, 536.285326004028, 0, 
         0, 999.16443409856, 389.308824539185, 0, 
         0, 0, 1, 0]
