image_width: 1280
image_height: 960
camera_name: 00b09d0100bec852_narrow_right
camera_matrix:
  rows: 3
  cols: 3
  data: [1031.91584975362, 0, 639.108044114906, 0, 1030.33960283151, 481.137426118944, 0, 0, 1]
distortion_model: plumb_bob
distortion_coefficients:
  rows: 1
  cols: 5
  data: [-0.35471780829845, 0.145980309964299, -2.20331676702701e-05, -0.000167129234609112, 0]
rectification_matrix:
  rows: 3
  cols: 3
  data: [0.994680811121889, 0.00639167105309349, -0.1028067630414, -0.00641985243364379, 0.999979390924155, 5.6759891156217e-05, 0.102805007079576, 0.000603546273331925, 0.994701345254577]
projection_matrix:
  rows: 3
  cols: 4
  #data: [969.887979124872, 0, 786.221412658691, -121.714096553253, 0, 969.887979124872, 490.291244506836, 0, 0, 0, 1, 0]
  data: [969.887979124872, 0, 786.221412658691, -130.0, 0, 969.887979124872, 490.291244506836, 0, 0, 0, 1, 0]