image_width: 640
image_height: 480
camera_name: 00b09d0100bec852_wide_right
camera_matrix:
  rows: 3
  cols: 3
  data: [986.911741119158, 0, 521.774995665292, 0, 987.299433751014, 398.358750883189, 0, 0, 1]
distortion_model: plumb_bob
distortion_coefficients:
  rows: 1
  cols: 5
  data: [-0.252256101563388, 0.120385540797745, 0.0129184494237158, 0.0284456174585758, 0]
rectification_matrix:
  rows: 3
  cols: 3
  data: [0.94599484398424, 0.0515146777627635, -0.320062483165758, -0.0606547198662775, 0.997984616803241, -0.0186469724628805, 0.318456841837597, 0.0370532400619252, 0.947212910220156]
projection_matrix:
  rows: 3
  cols: 4
  data: [1531.06053060343, 0, 1000.71522712708, -467.199873798463, 0, 1531.06053060343, 462.962015867233, 0, 0, 0, 1, 0]