image_width: 640
image_height: 480
camera_name: 00b09d0100be241e_right
camera_matrix:
  rows: 3
  cols: 3
  data: [526.0,   0,              320.0, 
           0,              526.0, 240.0, 
           0,                0,                1]
distortion_model: plumb_bob
distortion_coefficients:
  rows: 1
  cols: 5
  data: [-0.353519587253838, 0.1448291972389, -0.000480890815891341, 0.000768886981649105, 0]
rectification_matrix:
  rows: 3
  cols: 3
  data: [0.952187382611266, -0.015958828434779, -0.305097532259598, 
         0.0155699866644376, 0.999871905678692, -0.00370779580483816, 
         0.305117623075391, -0.00121984812596889, 0.952313891560641]
projection_matrix:
  rows: 3
  cols: 4
  data: [515.659290997503,   0,              551.992498397827,      -70.0, 
         0,                515.659290997503, 241.466352462769,        0, 
         0,                  0,                1,                     0]