image_width: 640
image_height: 480
camera_name: 00b09d0100bec852_wide_left
camera_matrix:
  rows: 3
  cols: 3
  data: [1023.34367168395, 0, 668.049249663008, 0, 1023.92857610397, 485.377067472796, 0, 0, 1]
distortion_model: plumb_bob
distortion_coefficients:
  rows: 1
  cols: 5
  data: [-0.345673806902062, 0.138832989770808, 0.00107974115718356, 9.2253398411299e-05, 0]
rectification_matrix:
  rows: 3
  cols: 3
  data: [0.981119551835957, 0.0738051467611497, -0.17876583934515, -0.0687041820020826, 0.997038018633871, 0.0345676839558169, 0.180787611247662, -0.0216330698286138, 0.983284216241243]
projection_matrix:
  rows: 3
  cols: 4
  data: [1531.06053060343, 0, 1000.71522712708, 0, 0, 1531.06053060343, 462.962015867233, 0, 0, 0, 1, 0]