image_width: 1280
image_height: 960
camera_name: 00b09d0100bec852_narrow_left
camera_matrix:
  rows: 3
  cols: 3
  data: [1029.24226091734, 0, 668.643287622175, 0, 1028.01653412214, 498.637148816509, 0, 0, 1]
distortion_model: plumb_bob
distortion_coefficients:
  rows: 1
  cols: 5
  data: [-0.353971596707789, 0.147952975025657, 7.98358243397781e-05, 0.000352022660644842, 0]
rectification_matrix:
  rows: 3
  cols: 3
  data: [0.995456257369463, 0.00299694287329956, -0.0951727797082588, -0.00297085885435753, 0.999995500559135, 0.000415763336133987, 0.0951735975029318, -0.000131129319249271, 0.99546068186717]
projection_matrix:
  rows: 3
  cols: 4
  data: [969.887979124872, 0, 786.221412658691, 0, 0, 969.887979124872, 490.291244506836, 0, 0, 0, 1, 0]