image_width: 1280
image_height: 960
camera_name: 00b09d0100bec852_wide_left
camera_matrix:
  rows: 3
  cols: 3
  data: [1030.63023553428, 0, 671.699423807302, 0, 1030.22721978439, 502.183519540254, 0, 0, 1]
distortion_model: plumb_bob
distortion_coefficients:
  rows: 1
  cols: 5
  data: [-0.353224490835382, 0.144969062524139, -0.000175304029084421, -2.23588648681368e-07, 0]
rectification_matrix:
  rows: 3
  cols: 3
  data: [0.996297434314818, -0.00324270012698698, -0.0859122067787711, 0.00316877811962134, 0.9999944826088, -0.000996793453003762, 0.085914965069774, 0.000720866038720471, 0.996302212749331]
projection_matrix:
  rows: 3
  cols: 4
  data: [973.851901539608, 0, 783.971229553223, 0, 0, 973.851901539608, 494.042095184326, 0, 0, 0, 1, 0]