image_width: 640
image_height: 480
camera_name: 00b09d0100ab8dfe
camera_matrix:
  rows: 3
  cols: 3
  data: [827.259845710756, 0, 311.91568111107, 0, 825.80738270976, 237.031475759818, 0, 0, 1]
distortion_model: plumb_bob
distortion_coefficients:
  rows: 1
  cols: 5
  data: [-0.218819572096456, 0.176771456279969, -0.00196518159916762, -0.000908906687469075, 0]
rectification_matrix:
  rows: 3
  cols: 3
  data: [0.999982621814923, 0.00155567239024238, 0.00568647092384877, -0.00154715870173289, 0.999997676232996, -0.00150127564422099, -0.00568879320288514, 0.00149245168180298, 0.999982704960377]
projection_matrix:
  rows: 3
  cols: 4
  data: [826.113624705782, 0, 305.927997589111, 0, 0, 826.113624705782, 233.301919937134, 0, 0, 0, 1, 0]